           rt_cf    mz_cf intensity_cf intensity_0 intensity_1 intensity_2
Row 3   342.8730 299.1497    17838.600    2.446182    2.470837    2.505013
Row 16  504.3026 317.1178    50504.398    4.224844    4.064080    4.121530
Row 69  342.8731 337.1072      266.175   -1.976432   -1.850009   -1.850690
Row 126 989.7097 922.7014     4809.960   -1.209105   -1.733558   -1.503941
Row 142 503.6224 339.1029     1678.930    1.314425    1.040815    1.071677
Row 158 986.2852 403.3603   164788.000    4.944818    4.823197    4.686765
        intensity_3 intensity_4 intensity_5      p-value        FC
Row 3     5.9782458   5.9711579   6.1035206 1.868062e-05 11.661090
Row 16    7.4000312   7.5246361   7.5965807 2.118386e-06 10.340721
Row 69   -0.2923881  -0.2832922  -0.3885296 1.250606e-05  2.971052
Row 126   4.2322855   4.2068488   4.1826867 6.455306e-04 51.606278
Row 142   2.1054033   2.2959605   2.2046169 1.112842e-03  2.084481
Row 158   9.1373036   9.3336686   9.3535399 1.719370e-06 21.956521
